================================================================================
일일 결과 리포트 - 전통 방식
생성 시간: 2025-12-23 12:46:45
================================================================================

최종 결과:
  총 지연: 148.5일
  총 비용 증가: 70.27%
  총 처리 이슈: 53개

일별 상세:
Day    이슈     지연(일)        비용(%)       
--------------------------------------------------------------------------------
1      1      2.46         0.9485      
5      1      4.20         1.5200      
10     1      1.05         0.6400      
11     2      4.20         2.0000      
14     1      6.30         2.2400      
15     1      3.15         1.2000      
16     1      1.05         0.4800      
19     1      4.20         1.9200      
24     1      2.10         0.9600      
28     1      0.79         0.5822      
39     1      2.10         0.9600      
47     1      6.30         2.0800      
55     1      0.72         0.3251      
69     1      2.33         0.8406      
93     1      1.35         0.5246      
100    1      3.01         1.4607      
105    1      2.94         1.4257      
106    2      4.67         3.0418      
109    1      3.15         1.9200      
113    1      2.95         1.4562      
114    1      3.15         1.8400      
122    1      4.20         1.6000      
124    1      3.15         1.3600      
130    1      1.22         0.4882      
131    1      2.10         1.1200      
136    1      3.15         1.5200      
142    1      4.20         2.7200      
145    1      0.97         0.1892      
157    1      2.20         -0.0217     
159    1      7.35         4.3200      
162    1      8.40         5.0400      
174    1      6.09         2.2626      
178    1      2.10         1.0400      
180    1      1.54         0.2702      
199    1      5.25         2.9600      
215    2      5.21         1.5028      
216    1      0.60         0.4791      
219    1      3.15         1.6000      
223    1      5.25         3.4400      
234    1      2.10         1.0400      
242    1      2.10         0.8000      
248    1      2.10         0.8000      
262    1      1.05         0.5600      
271    1      1.83         0.8371      
277    1      2.10         1.3600      
279    1      1.79         0.8435      
282    1      2.10         1.1200      
316    1      1.63         0.6141      
332    1      1.36         0.7574      
339    1      2.10         1.2800      
